323		53
324.3335	45
325.667	47
327.0005	60
328.334	29
329.6675	37
331.001	26
332.3345	50
333.668	127
335.0015	85
336.335	53
337.6685	26
339.002	99
340.3355	100
341.669	129
343.0025	84
344.336	77
345.6695	89
347.003	106
348.3365	96
349.67	244
351.0035	237
352.337	272
353.6705	260
355.004	276
356.3375	280
357.671	375
359.0045	415
360.338	636
361.6715	560
363.005	759
364.3385	655
365.672	1014
367.0055	1164
368.339	1252
369.6725	1608
371.006	1820
372.3395	1912
373.673	2481
375.0065	3213
376.34	3708
377.6735	4330
379.007	4858
380.3405	5616
381.674	6867
383.0075	8209
384.341	9294
385.6745	10555
387.008	13104
388.3415	15861
389.675	16957
391.0085	20989
392.342	22685
393.6755	26827
395.009	32098
396.3425	35281
397.676	41050
399.0095	46593
400.343	54222
401.6765	60288
403.01	69913
404.3435	76308
405.677	86823
407.0105	95639
408.344	103130
409.6775	115987
411.011	123960
412.3445	133032
413.678	140243
415.0115	146067
416.345	151359
417.6785	154521
419.012	153261
420.3455	154032
421.679	146110
423.0125	139780
424.346	133109
425.6795	119173
427.013	110412
428.3465	98677
429.68	90166
431.0135	83604
432.347	78573
433.6805	73336
435.014	73843
436.3475	74146
437.681	77560
439.0145	82147
440.348	89178
441.6815	96074
443.015	104678
444.3485	111739
445.682	120198
447.0155	129741
448.349	141546
449.6825	152558
451.016	165263
452.3495	177273
453.683	189567
455.0165	199012
456.35	211240
457.6835	215799
459.017	231471
460.3505	239337
461.684	247874
463.0175	258513
464.351	268323
465.6845	278416
467.018	287855
468.3515	302622
469.685	318834
471.0185	336255
472.352	349085
473.6855	371676
475.019	387309
476.3525	409828
477.686	430444
479.0195	447419
480.353	463349
481.6865	480007
483.02	494381
484.3535	502354
485.687	519759
487.0205	537251
488.354	545786
489.6875	560615
491.021	582483
492.3545	596261
493.688	614487
495.0215	636917
496.355	655931
497.6885	675345
499.022	685457
500.3555	694858
501.689	694250
503.0225	686405
504.356	669951
505.6895	639908
507.023	588195
508.3565	544799
509.69	479668
511.0235	415866
512.357	348466
513.6905	278807
515.024	221409
516.3575	170047
517.691	128139
519.0245	95359
520.358	72994
521.6915	55336
523.025	46555
524.3585	41374
525.692	36091
527.0255	34047
528.359	33524
529.6925	30183
531.026	30072
532.3595	29318
533.693	28351
535.0265	28916
536.36	27618
537.6935	27379
539.027	26583
540.3605	26232
541.694	25681
543.0275	25557
544.361	24232
545.6945	23400
547.028	23033
548.3615	20865
549.695	22319
551.0285	20480
552.362	20398
553.6955	19240
555.029	20201
556.3625	18869
557.696	18428
559.0295	17705
560.363	17534
561.6965	17197
563.03	15856
564.3635	15960
565.697	16826
567.0305	14461
568.364	14520
569.6975	14582
571.031	14255
572.3645	14326
573.698	13317
575.0315	14096
576.365	13037
577.6985	13527
579.032	12558
580.3655	13276
581.699	11578
583.0325	11382
584.366	11398
585.6995	11832
587.033	12082
588.3665	11447
